REMARK   1                                                                      
REMARK   1 REFERENCE 1                                                          
REMARK   1  AUTH   H.LIU,T.J.SMITH,W.M.LEE,A.G.MOSSER,R.R.RUECKERT,             
REMARK   1  AUTH 2 N.H.OLSON,R.H.CHENG,T.S.BAKER                                
REMARK   1  TITL   STRUCTURE DETERMINATION OF AN FAB FRAGMENT THAT              
REMARK   1  TITL 2 NEUTRALIZES HUMAN RHINOVIRUS 14 AND ANALYSIS OF              
REMARK   1  TITL 3 THE FAB-VIRUS COMPLEX                                        
REMARK   1  REF    J.MOL.BIOL.                   V. 240   127 1994              
REMARK   1  REFN                   ISSN 0022-2836                               
REMARK   1 REFERENCE 2                                                          
REMARK   1  AUTH   M.G.ROSSMANN,E.ARNOLD,J.W.ERICKSON,                          
REMARK   1  AUTH 2 E.A.FRANKENBERGER,J.P.GRIFFITH,H.J.HECHT,                    
REMARK   1  AUTH 3 J.E.JOHNSON,G.KAMER,M.LUO,A.G.MOSSER,R.R.RUECKERT,           
REMARK   1  AUTH 4 B.SHERRY,G.VRIEND                                            
REMARK   1  TITL   STRUCTURE OF A HUMAN COMMON COLD VIRUS AND                   
REMARK   1  TITL 2 FUNCTIONAL RELATIONSHIP TO OTHER PICORNAVIRUSES              
REMARK   1  REF    NATURE                        V. 317   145 1985              
REMARK   1  REFN                   ISSN 0028-0836                               
REMARK   2                                                                      
REMARK   2 RESOLUTION.    4.00 ANGSTROMS.                                       
REMARK   3                                                                      
REMARK   3 REFINEMENT.                                                          
REMARK   3   PROGRAM     : X-PLOR 3.1                                           
REMARK   3   AUTHORS     : BRUNGER                                              
REMARK   3                                                                      
REMARK   3  DATA USED IN REFINEMENT.                                            
REMARK   3   RESOLUTION RANGE HIGH (ANGSTROMS) : 4.00                           
REMARK   3   RESOLUTION RANGE LOW  (ANGSTROMS) : 10.00                          
REMARK   3   DATA CUTOFF            (SIGMA(F)) : 0.000                          
REMARK   3   DATA CUTOFF HIGH         (ABS(F)) : NULL                           
REMARK   3   DATA CUTOFF LOW          (ABS(F)) : NULL                           
REMARK   3   COMPLETENESS (WORKING+TEST)   (%) : 64.5                           
REMARK   3   NUMBER OF REFLECTIONS             : 259123                         
REMARK   3                                                                      
REMARK   3  FIT TO DATA USED IN REFINEMENT.                                     
REMARK   3   CROSS-VALIDATION METHOD          : NULL                            
REMARK   3   FREE R VALUE TEST SET SELECTION  : NULL                            
REMARK   3   R VALUE            (WORKING SET) : 0.212                           
REMARK   3   FREE R VALUE                     : NULL                            
REMARK   3   FREE R VALUE TEST SET SIZE   (%) : NULL                            
REMARK   3   FREE R VALUE TEST SET COUNT      : NULL                            
REMARK   3   ESTIMATED ERROR OF FREE R VALUE  : NULL                            
REMARK   3                                                                      
REMARK   3  FIT IN THE HIGHEST RESOLUTION BIN.                                  
REMARK   3   TOTAL NUMBER OF BINS USED           : NULL                         
REMARK   3   BIN RESOLUTION RANGE HIGH       (A) : NULL                         
REMARK   3   BIN RESOLUTION RANGE LOW        (A) : NULL                         
REMARK   3   BIN COMPLETENESS (WORKING+TEST) (%) : NULL                         
REMARK   3   REFLECTIONS IN BIN    (WORKING SET) : NULL                         
REMARK   3   BIN R VALUE           (WORKING SET) : NULL                         
REMARK   3   BIN FREE R VALUE                    : NULL                         
REMARK   3   BIN FREE R VALUE TEST SET SIZE  (%) : NULL                         
REMARK   3   BIN FREE R VALUE TEST SET COUNT     : NULL                         
REMARK   3   ESTIMATED ERROR OF BIN FREE R VALUE : NULL                         
REMARK   3                                                                      
REMARK   3  NUMBER OF NON-HYDROGEN ATOMS USED IN REFINEMENT.                    
REMARK   3   PROTEIN ATOMS            : 8020                                    
REMARK   3   NUCLEIC ACID ATOMS       : 0                                       
REMARK   3   HETEROGEN ATOMS          : 0                                       
REMARK   3   SOLVENT ATOMS            : 0                                       
REMARK   3                                                                      
REMARK   3  B VALUES.                                                           
REMARK   3   FROM WILSON PLOT           (A**2) : NULL                           
REMARK   3   MEAN B VALUE      (OVERALL, A**2) : 20.00                          
REMARK   3   OVERALL ANISOTROPIC B VALUE.                                       
REMARK   3    B11 (A**2) : NULL                                                 
REMARK   3    B22 (A**2) : NULL                                                 
REMARK   3    B33 (A**2) : NULL                                                 
REMARK   3    B12 (A**2) : NULL                                                 
REMARK   3    B13 (A**2) : NULL                                                 
REMARK   3    B23 (A**2) : NULL                                                 
REMARK   3                                                                      
REMARK   3  ESTIMATED COORDINATE ERROR.                                         
REMARK   3   ESD FROM LUZZATI PLOT        (A) : NULL                            
REMARK   3   ESD FROM SIGMAA              (A) : NULL                            
REMARK   3   LOW RESOLUTION CUTOFF        (A) : NULL                            
REMARK   3                                                                      
REMARK   3  CROSS-VALIDATED ESTIMATED COORDINATE ERROR.                         
REMARK   3   ESD FROM C-V LUZZATI PLOT    (A) : NULL                            
REMARK   3   ESD FROM C-V SIGMAA          (A) : NULL                            
REMARK   3                                                                      
REMARK   3  RMS DEVIATIONS FROM IDEAL VALUES.                                   
REMARK   3   BOND LENGTHS                 (A) : NULL                            
REMARK   3   BOND ANGLES            (DEGREES) : NULL                            
REMARK   3   DIHEDRAL ANGLES        (DEGREES) : NULL                            
REMARK   3   IMPROPER ANGLES        (DEGREES) : NULL                            
REMARK   3                                                                      
REMARK   3  ISOTROPIC THERMAL MODEL : NULL                                      
REMARK   3                                                                      
REMARK   3  ISOTROPIC THERMAL FACTOR RESTRAINTS.    RMS    SIGMA                
REMARK   3   MAIN-CHAIN BOND              (A**2) : NULL  ; NULL                 
REMARK   3   MAIN-CHAIN ANGLE             (A**2) : NULL  ; NULL                 
REMARK   3   SIDE-CHAIN BOND              (A**2) : NULL  ; NULL                 
REMARK   3   SIDE-CHAIN ANGLE             (A**2) : NULL  ; NULL                 
REMARK   3                                                                      
REMARK   3  NCS MODEL : ICOSAHEDRAL 20-FOLD                                     
REMARK   3                                                                      
REMARK   3  NCS RESTRAINTS.                         RMS   SIGMA/WEIGHT          
REMARK   3   GROUP  1  POSITIONAL            (A) : NULL  ; NULL                 
REMARK   3   GROUP  1  B-FACTOR           (A**2) : NULL  ; NULL                 
REMARK   3                                                                      
REMARK   3  PARAMETER FILE  1  : PARHCSDX.PRO                                   
REMARK   3  PARAMETER FILE  2  : NULL                                           
REMARK   3  PARAMETER FILE  3  : NULL                                           
REMARK   3  TOPOLOGY FILE  1   : TOPHCSDX.PRO                                   
REMARK   3  TOPOLOGY FILE  2   : NULL                                           
REMARK   3  TOPOLOGY FILE  3   : NULL                                           
REMARK   3                                                                      
REMARK   3  OTHER REFINEMENT REMARKS: NULL                                      
REMARK   4                                                                      
REMARK   4 1RVF COMPLIES WITH FORMAT V. 3.15, 01-DEC-08                         
REMARK 100                                                                      
REMARK 100 THIS ENTRY HAS BEEN PROCESSED BY BNL.                                
REMARK 200                                                                      
REMARK 200 EXPERIMENTAL DETAILS                                                 
REMARK 200  EXPERIMENT TYPE                : X-RAY DIFFRACTION                  
REMARK 200  DATE OF DATA COLLECTION        : 03-NOV-94                          
REMARK 200  TEMPERATURE           (KELVIN) : 103                                
REMARK 200  PH                             : 7.5                                
REMARK 200  NUMBER OF CRYSTALS USED        : 1                                  
REMARK 200                                                                      
REMARK 200  SYNCHROTRON              (Y/N) : Y                                  
REMARK 200  RADIATION SOURCE               : CHESS                              
REMARK 200  BEAMLINE                       : F1                                 
REMARK 200  X-RAY GENERATOR MODEL          : NULL                               
REMARK 200  MONOCHROMATIC OR LAUE    (M/L) : M                                  
REMARK 200  WAVELENGTH OR RANGE        (A) : 0.918                              
REMARK 200  MONOCHROMATOR                  : NULL                               
REMARK 200  OPTICS                         : NULL                               
REMARK 200                                                                      
REMARK 200  DETECTOR TYPE                  : IMAGE PLATE                        
REMARK 200  DETECTOR MANUFACTURER          : FUJI                               
REMARK 200  INTENSITY-INTEGRATION SOFTWARE : DENZO                              
REMARK 200  DATA SCALING SOFTWARE          : SCALEPACK                          
REMARK 200                                                                      
REMARK 200  NUMBER OF UNIQUE REFLECTIONS   : 259123                             
REMARK 200  RESOLUTION RANGE HIGH      (A) : NULL                               
REMARK 200  RESOLUTION RANGE LOW       (A) : NULL                               
REMARK 200  REJECTION CRITERIA  (SIGMA(I)) : 0.000                              
REMARK 200                                                                      
REMARK 200 OVERALL.                                                             
REMARK 200  COMPLETENESS FOR RANGE     (%) : 64.5                               
REMARK 200  DATA REDUNDANCY                : 1.500                              
REMARK 200  R MERGE                    (I) : 0.16600                            
REMARK 200  R SYM                      (I) : NULL                               
REMARK 200  <I/SIGMA(I)> FOR THE DATA SET  : NULL                               
REMARK 200                                                                      
REMARK 200 IN THE HIGHEST RESOLUTION SHELL.                                     
REMARK 200  HIGHEST RESOLUTION SHELL, RANGE HIGH (A) : 4.00                     
REMARK 200  HIGHEST RESOLUTION SHELL, RANGE LOW  (A) : 4.18                     
REMARK 200  COMPLETENESS FOR SHELL     (%) : 46.9                               
REMARK 200  DATA REDUNDANCY IN SHELL       : 1.50                               
REMARK 200  R MERGE FOR SHELL          (I) : NULL                               
REMARK 200  R SYM FOR SHELL            (I) : 0.29300                            
REMARK 200  <I/SIGMA(I)> FOR SHELL         : NULL                               
REMARK 200                                                                      
REMARK 200 DIFFRACTION PROTOCOL: NULL                                           
REMARK 200 METHOD USED TO DETERMINE THE STRUCTURE: MOLECULAR REPLACEMENT        
REMARK 200 SOFTWARE USED: ENVELOPE                                              
REMARK 200 STARTING MODEL: SEE REFERENCE 1                                      
REMARK 200                                                                      
REMARK 200 REMARK: NULL                                                         
REMARK 280                                                                      
REMARK 280 CRYSTAL                                                              
REMARK 280 SOLVENT CONTENT, VS   (%): NULL                                      
REMARK 280 MATTHEWS COEFFICIENT, VM (ANGSTROMS**3/DA): NULL                     
REMARK 280                                                                      
REMARK 280 CRYSTALLIZATION CONDITIONS: PH 7.5                                   
REMARK 290                                                                      
REMARK 290 CRYSTALLOGRAPHIC SYMMETRY                                            
REMARK 290 SYMMETRY OPERATORS FOR SPACE GROUP: R 3                              
REMARK 290                                                                      
REMARK 290      SYMOP   SYMMETRY                                                
REMARK 290     NNNMMM   OPERATOR                                                
REMARK 290       1555   X,Y,Z                                                   
REMARK 290       2555   Z,X,Y                                                   
REMARK 290       3555   Y,Z,X                                                   
REMARK 290                                                                      
REMARK 290     WHERE NNN -> OPERATOR NUMBER                                     
REMARK 290           MMM -> TRANSLATION VECTOR                                  
REMARK 290                                                                      
REMARK 290 CRYSTALLOGRAPHIC SYMMETRY TRANSFORMATIONS                            
REMARK 290 THE FOLLOWING TRANSFORMATIONS OPERATE ON THE ATOM/HETATM             
REMARK 290 RECORDS IN THIS ENTRY TO PRODUCE CRYSTALLOGRAPHICALLY                
REMARK 290 RELATED MOLECULES.                                                   
REMARK 290   SMTRY1   1  1.000000  0.000000  0.000000        0.00000            
REMARK 290   SMTRY2   1  0.000000  1.000000  0.000000        0.00000            
REMARK 290   SMTRY3   1  0.000000  0.000000  1.000000        0.00000            
REMARK 290   SMTRY1   2 -0.315649 -0.437658  0.841915        0.00000            
REMARK 290   SMTRY2   2  0.948876 -0.145589  0.280068        0.00000            
REMARK 290   SMTRY3   2  0.000000  0.887276  0.461239        0.00000            
REMARK 290   SMTRY1   3 -0.315649  0.948876  0.000000        0.00000            
REMARK 290   SMTRY2   3 -0.437658 -0.145589  0.887276        0.00000            
REMARK 290   SMTRY3   3  0.841915  0.280068  0.461239        0.00000            
REMARK 290                                                                      
REMARK 290 REMARK: NULL                                                         
REMARK 300                                                                      
REMARK 300 BIOMOLECULE: 1                                                       
REMARK 300 SEE REMARK 350 FOR THE AUTHOR PROVIDED AND/OR PROGRAM                
REMARK 300 GENERATED ASSEMBLY INFORMATION FOR THE STRUCTURE IN                  
REMARK 300 THIS ENTRY. THE REMARK MAY ALSO PROVIDE INFORMATION ON               
REMARK 300 BURIED SURFACE AREA.                                                 
REMARK 300 THE ASSEMBLY REPRESENTED IN THIS ENTRY HAS REGULAR                   
REMARK 300 ICOSAHEDRAL POINT SYMMETRY (SCHOENFLIES SYMBOL = I).                 
REMARK 350                                                                      
REMARK 350 COORDINATES FOR A COMPLETE MULTIMER REPRESENTING THE KNOWN           
REMARK 350 BIOLOGICALLY SIGNIFICANT OLIGOMERIZATION STATE OF THE                
REMARK 350 MOLECULE CAN BE GENERATED BY APPLYING BIOMT TRANSFORMATIONS          
REMARK 350 GIVEN BELOW.  BOTH NON-CRYSTALLOGRAPHIC AND                          
REMARK 350 CRYSTALLOGRAPHIC OPERATIONS ARE GIVEN.                               
REMARK 350                                                                      
REMARK 350 BIOMOLECULE: 1                                                       
REMARK 350 APPLY THE FOLLOWING TO CHAINS: 1, 2, 3, 4, L, H                      
REMARK 350   BIOMT1   1  1.000000  0.000000  0.000000        0.00000            
REMARK 350   BIOMT2   1  0.000000  1.000000  0.000000        0.00000            
REMARK 350   BIOMT3   1  0.000000  0.000000  1.000000        0.00000            
REMARK 350   BIOMT1   2  0.500000 -0.809017  0.309017        0.00000            
REMARK 350   BIOMT2   2  0.809017  0.309017 -0.500000        0.00000            
REMARK 350   BIOMT3   2  0.309017  0.500000  0.809017        0.00000            
REMARK 350   BIOMT1   3 -0.309017 -0.500000  0.809017        0.00000            
REMARK 350   BIOMT2   3  0.500000 -0.809017 -0.309017        0.00000            
REMARK 350   BIOMT3   3  0.809017  0.309017  0.500000        0.00000            
REMARK 350   BIOMT1   4 -0.309017  0.500000  0.809017        0.00000            
REMARK 350   BIOMT2   4 -0.500000 -0.809017  0.309017        0.00000            
REMARK 350   BIOMT3   4  0.809017 -0.309017  0.500000        0.00000            
REMARK 350   BIOMT1   5  0.500000  0.809017  0.309017        0.00000            
REMARK 350   BIOMT2   5 -0.809017  0.309017  0.500000        0.00000            
REMARK 350   BIOMT3   5  0.309017 -0.500000  0.809017        0.00000            
REMARK 350   BIOMT1   6 -0.809017  0.309017  0.500000        0.00000            
REMARK 350   BIOMT2   6  0.309017 -0.500000  0.809017        0.00000            
REMARK 350   BIOMT3   6  0.500000  0.809017  0.309017        0.00000            
REMARK 350   BIOMT1   7  0.000000  1.000000  0.000000        0.00000            
REMARK 350   BIOMT2   7  0.000000  0.000000  1.000000        0.00000            
REMARK 350   BIOMT3   7  1.000000  0.000000  0.000000        0.00000            
REMARK 350   BIOMT1   8  0.809017  0.309017 -0.500000        0.00000            
REMARK 350   BIOMT2   8  0.309017  0.500000  0.809017        0.00000            
REMARK 350   BIOMT3   8  0.500000 -0.809017  0.309017        0.00000            
REMARK 350   BIOMT1   9  0.500000 -0.809017 -0.309017        0.00000            
REMARK 350   BIOMT2   9  0.809017  0.309017  0.500000        0.00000            
REMARK 350   BIOMT3   9 -0.309017 -0.500000  0.809017        0.00000            
REMARK 350   BIOMT1  10 -0.500000 -0.809017  0.309017        0.00000            
REMARK 350   BIOMT2  10  0.809017 -0.309017  0.500000        0.00000            
REMARK 350   BIOMT3  10 -0.309017  0.500000  0.809017        0.00000            
REMARK 350   BIOMT1  11 -0.500000 -0.809017  0.309017        0.00000            
REMARK 350   BIOMT2  11 -0.809017  0.309017 -0.500000        0.00000            
REMARK 350   BIOMT3  11  0.309017 -0.500000 -0.809017        0.00000            
REMARK 350   BIOMT1  12 -0.809017  0.309017  0.500000        0.00000            
REMARK 350   BIOMT2  12 -0.309017  0.500000 -0.809017        0.00000            
REMARK 350   BIOMT3  12 -0.500000 -0.809017 -0.309017        0.00000            
REMARK 350   BIOMT1  13  0.000000  1.000000  0.000000        0.00000            
REMARK 350   BIOMT2  13  0.000000  0.000000 -1.000000        0.00000            
REMARK 350   BIOMT3  13 -1.000000  0.000000  0.000000        0.00000            
REMARK 350   BIOMT1  14  0.809017  0.309017 -0.500000        0.00000            
REMARK 350   BIOMT2  14 -0.309017 -0.500000 -0.809017        0.00000            
REMARK 350   BIOMT3  14 -0.500000  0.809017 -0.309017        0.00000            
REMARK 350   BIOMT1  15  0.500000 -0.809017 -0.309017        0.00000            
REMARK 350   BIOMT2  15 -0.809017 -0.309017 -0.500000        0.00000            
REMARK 350   BIOMT3  15  0.309017  0.500000 -0.809017        0.00000            
REMARK 350   BIOMT1  16  0.309017  0.500000 -0.809017        0.00000            
REMARK 350   BIOMT2  16  0.500000 -0.809017 -0.309017        0.00000            
REMARK 350   BIOMT3  16 -0.809017 -0.309017 -0.500000        0.00000            
REMARK 350   BIOMT1  17  0.309017 -0.500000 -0.809017        0.00000            
REMARK 350   BIOMT2  17 -0.500000 -0.809017  0.309017        0.00000            
REMARK 350   BIOMT3  17 -0.809017  0.309017 -0.500000        0.00000            
REMARK 350   BIOMT1  18 -0.500000 -0.809017 -0.309017        0.00000            
REMARK 350   BIOMT2  18 -0.809017  0.309017  0.500000        0.00000            
REMARK 350   BIOMT3  18 -0.309017  0.500000 -0.809017        0.00000            
REMARK 350   BIOMT1  19 -1.000000  0.000000  0.000000        0.00000            
REMARK 350   BIOMT2  19  0.000000  1.000000  0.000000        0.00000            
REMARK 350   BIOMT3  19  0.000000  0.000000 -1.000000        0.00000            
REMARK 350   BIOMT1  20 -0.500000  0.809017 -0.309017        0.00000            
REMARK 350   BIOMT2  20  0.809017  0.309017 -0.500000        0.00000            
REMARK 350   BIOMT3  20 -0.309017 -0.500000 -0.809017        0.00000            
REMARK 350   BIOMT1  21 -0.500000 -0.809017 -0.309017        0.00000            
REMARK 350   BIOMT2  21  0.809017 -0.309017 -0.500000        0.00000            
REMARK 350   BIOMT3  21  0.309017 -0.500000  0.809017        0.00000            
REMARK 350   BIOMT1  22 -1.000000  0.000000  0.000000        0.00000            
REMARK 350   BIOMT2  22  0.000000 -1.000000  0.000000        0.00000            
REMARK 350   BIOMT3  22  0.000000  0.000000  1.000000        0.00000            
REMARK 350   BIOMT1  23 -0.500000  0.809017 -0.309017        0.00000            
REMARK 350   BIOMT2  23 -0.809017 -0.309017  0.500000        0.00000            
REMARK 350   BIOMT3  23  0.309017  0.500000  0.809017        0.00000            
REMARK 350   BIOMT1  24  0.309017  0.500000 -0.809017        0.00000            
REMARK 350   BIOMT2  24 -0.500000  0.809017  0.309017        0.00000            
REMARK 350   BIOMT3  24  0.809017  0.309017  0.500000        0.00000            
REMARK 350   BIOMT1  25  0.309017 -0.500000 -0.809017        0.00000            
REMARK 350   BIOMT2  25  0.500000  0.809017 -0.309017        0.00000            
REMARK 350   BIOMT3  25  0.809017 -0.309017  0.500000        0.00000            
REMARK 350   BIOMT1  26  0.000000  0.000000 -1.000000        0.00000            
REMARK 350   BIOMT2  26 -1.000000  0.000000  0.000000        0.00000            
REMARK 350   BIOMT3  26  0.000000  1.000000  0.000000        0.00000            
REMARK 350   BIOMT1  27 -0.309017 -0.500000 -0.809017        0.00000            
REMARK 350   BIOMT2  27 -0.500000  0.809017 -0.309017        0.00000            
REMARK 350   BIOMT3  27  0.809017  0.309017 -0.500000        0.00000            
REMARK 350   BIOMT1  28 -0.809017 -0.309017 -0.500000        0.00000            
REMARK 350   BIOMT2  28  0.309017  0.500000 -0.809017        0.00000            
REMARK 350   BIOMT3  28  0.500000 -0.809017 -0.309017        0.00000            
REMARK 350   BIOMT1  29 -0.809017  0.309017 -0.500000        0.00000            
REMARK 350   BIOMT2  29  0.309017 -0.500000 -0.809017        0.00000            
REMARK 350   BIOMT3  29 -0.500000 -0.809017  0.309017        0.00000            
REMARK 350   BIOMT1  30 -0.309017  0.500000 -0.809017        0.00000            
REMARK 350   BIOMT2  30 -0.500000 -0.809017 -0.309017        0.00000            
REMARK 350   BIOMT3  30 -0.809017  0.309017  0.500000        0.00000            
REMARK 350   BIOMT1  31  0.809017  0.309017  0.500000        0.00000            
REMARK 350   BIOMT2  31 -0.309017 -0.500000  0.809017        0.00000            
REMARK 350   BIOMT3  31  0.500000 -0.809017 -0.309017        0.00000            
REMARK 350   BIOMT1  32  0.809017 -0.309017  0.500000        0.00000            
REMARK 350   BIOMT2  32 -0.309017  0.500000  0.809017        0.00000            
REMARK 350   BIOMT3  32 -0.500000 -0.809017  0.309017        0.00000            
REMARK 350   BIOMT1  33  0.309017 -0.500000  0.809017        0.00000            
REMARK 350   BIOMT2  33  0.500000  0.809017  0.309017        0.00000            
REMARK 350   BIOMT3  33 -0.809017  0.309017  0.500000        0.00000            
REMARK 350   BIOMT1  34  0.000000  0.000000  1.000000        0.00000            
REMARK 350   BIOMT2  34  1.000000  0.000000  0.000000        0.00000            
REMARK 350   BIOMT3  34  0.000000  1.000000  0.000000        0.00000            
REMARK 350   BIOMT1  35  0.309017  0.500000  0.809017        0.00000            
REMARK 350   BIOMT2  35  0.500000 -0.809017  0.309017        0.00000            
REMARK 350   BIOMT3  35  0.809017  0.309017 -0.500000        0.00000            
REMARK 350   BIOMT1  36 -0.309017  0.500000  0.809017        0.00000            
REMARK 350   BIOMT2  36  0.500000  0.809017 -0.309017        0.00000            
REMARK 350   BIOMT3  36 -0.809017  0.309017 -0.500000        0.00000            
REMARK 350   BIOMT1  37  0.500000  0.809017  0.309017        0.00000            
REMARK 350   BIOMT2  37  0.809017 -0.309017 -0.500000        0.00000            
REMARK 350   BIOMT3  37 -0.309017  0.500000 -0.809017        0.00000            
REMARK 350   BIOMT1  38  1.000000  0.000000  0.000000        0.00000            
REMARK 350   BIOMT2  38  0.000000 -1.000000  0.000000        0.00000            
REMARK 350   BIOMT3  38  0.000000  0.000000 -1.000000        0.00000            
REMARK 350   BIOMT1  39  0.500000 -0.809017  0.309017        0.00000            
REMARK 350   BIOMT2  39 -0.809017 -0.309017  0.500000        0.00000            
REMARK 350   BIOMT3  39 -0.309017 -0.500000 -0.809017        0.00000            
REMARK 350   BIOMT1  40 -0.309017 -0.500000  0.809017        0.00000            
REMARK 350   BIOMT2  40 -0.500000  0.809017  0.309017        0.00000            
REMARK 350   BIOMT3  40 -0.809017 -0.309017 -0.500000        0.00000            
REMARK 350   BIOMT1  41 -0.500000  0.809017  0.309017        0.00000            
REMARK 350   BIOMT2  41 -0.809017 -0.309017 -0.500000        0.00000            
REMARK 350   BIOMT3  41 -0.309017 -0.500000  0.809017        0.00000            
REMARK 350   BIOMT1  42  0.500000  0.809017 -0.309017        0.00000            
REMARK 350   BIOMT2  42 -0.809017  0.309017 -0.500000        0.00000            
REMARK 350   BIOMT3  42 -0.309017  0.500000  0.809017        0.00000            
REMARK 350   BIOMT1  43  0.809017 -0.309017 -0.500000        0.00000            
REMARK 350   BIOMT2  43 -0.309017  0.500000 -0.809017        0.00000            
REMARK 350   BIOMT3  43  0.500000  0.809017  0.309017        0.00000            
REMARK 350   BIOMT1  44  0.000000 -1.000000  0.000000        0.00000            
REMARK 350   BIOMT2  44  0.000000  0.000000 -1.000000        0.00000            
REMARK 350   BIOMT3  44  1.000000  0.000000  0.000000        0.00000            
REMARK 350   BIOMT1  45 -0.809017 -0.309017  0.500000        0.00000            
REMARK 350   BIOMT2  45 -0.309017 -0.500000 -0.809017        0.00000            
REMARK 350   BIOMT3  45  0.500000 -0.809017  0.309017        0.00000            
REMARK 350   BIOMT1  46  0.809017 -0.309017  0.500000        0.00000            
REMARK 350   BIOMT2  46  0.309017 -0.500000 -0.809017        0.00000            
REMARK 350   BIOMT3  46  0.500000  0.809017 -0.309017        0.00000            
REMARK 350   BIOMT1  47  0.309017 -0.500000  0.809017        0.00000            
REMARK 350   BIOMT2  47 -0.500000 -0.809017 -0.309017        0.00000            
REMARK 350   BIOMT3  47  0.809017 -0.309017 -0.500000        0.00000            
REMARK 350   BIOMT1  48  0.000000  0.000000  1.000000        0.00000            
REMARK 350   BIOMT2  48 -1.000000  0.000000  0.000000        0.00000            
REMARK 350   BIOMT3  48  0.000000 -1.000000  0.000000        0.00000            
REMARK 350   BIOMT1  49  0.309017  0.500000  0.809017        0.00000            
REMARK 350   BIOMT2  49 -0.500000  0.809017 -0.309017        0.00000            
REMARK 350   BIOMT3  49 -0.809017 -0.309017  0.500000        0.00000            
REMARK 350   BIOMT1  50  0.809017  0.309017  0.500000        0.00000            
REMARK 350   BIOMT2  50  0.309017  0.500000 -0.809017        0.00000            
REMARK 350   BIOMT3  50 -0.500000  0.809017  0.309017        0.00000            
REMARK 350   BIOMT1  51 -0.309017  0.500000 -0.809017        0.00000            
REMARK 350   BIOMT2  51  0.500000  0.809017  0.309017        0.00000            
REMARK 350   BIOMT3  51  0.809017 -0.309017 -0.500000        0.00000            
REMARK 350   BIOMT1  52  0.000000  0.000000 -1.000000        0.00000            
REMARK 350   BIOMT2  52  1.000000  0.000000  0.000000        0.00000            
REMARK 350   BIOMT3  52  0.000000 -1.000000  0.000000        0.00000            
REMARK 350   BIOMT1  53 -0.309017 -0.500000 -0.809017        0.00000            
REMARK 350   BIOMT2  53  0.500000 -0.809017  0.309017        0.00000            
REMARK 350   BIOMT3  53 -0.809017 -0.309017  0.500000        0.00000            
REMARK 350   BIOMT1  54 -0.809017 -0.309017 -0.500000        0.00000            
REMARK 350   BIOMT2  54 -0.309017 -0.500000  0.809017        0.00000            
REMARK 350   BIOMT3  54 -0.500000  0.809017  0.309017        0.00000            
REMARK 350   BIOMT1  55 -0.809017  0.309017 -0.500000        0.00000            
REMARK 350   BIOMT2  55 -0.309017  0.500000  0.809017        0.00000            
REMARK 350   BIOMT3  55  0.500000  0.809017 -0.309017        0.00000            
REMARK 350   BIOMT1  56  0.000000 -1.000000  0.000000        0.00000            
REMARK 350   BIOMT2  56  0.000000  0.000000  1.000000        0.00000            
REMARK 350   BIOMT3  56 -1.000000  0.000000  0.000000        0.00000            
REMARK 350   BIOMT1  57 -0.809017 -0.309017  0.500000        0.00000            
REMARK 350   BIOMT2  57  0.309017  0.500000  0.809017        0.00000            
REMARK 350   BIOMT3  57 -0.500000  0.809017 -0.309017        0.00000            
REMARK 350   BIOMT1  58 -0.500000  0.809017  0.309017        0.00000            
REMARK 350   BIOMT2  58  0.809017  0.309017  0.500000        0.00000            
REMARK 350   BIOMT3  58  0.309017  0.500000 -0.809017        0.00000            
REMARK 350   BIOMT1  59  0.500000  0.809017 -0.309017        0.00000            
REMARK 350   BIOMT2  59  0.809017 -0.309017  0.500000        0.00000            
REMARK 350   BIOMT3  59  0.309017 -0.500000 -0.809017        0.00000            
REMARK 350   BIOMT1  60  0.809017 -0.309017 -0.500000        0.00000            
REMARK 350   BIOMT2  60  0.309017 -0.500000  0.809017        0.00000            
REMARK 350   BIOMT3  60 -0.500000 -0.809017 -0.309017        0.00000            
REMARK 465                                                                      
REMARK 465 MISSING RESIDUES                                                     
REMARK 465 THE FOLLOWING RESIDUES WERE NOT LOCATED IN THE                       
REMARK 465 EXPERIMENT. (M=MODEL NUMBER; RES=RESIDUE NAME; C=CHAIN               
REMARK 465 IDENTIFIER; SSSEQ=SEQUENCE NUMBER; I=INSERTION CODE.)                
REMARK 465                                                                      
REMARK 465   M RES C SSSEQI                                                     
REMARK 465     GLY 1     1                                                      
REMARK 465     LEU 1     2                                                      
REMARK 465     GLY 1     3                                                      
REMARK 465     ASP 1     4                                                      
REMARK 465     GLU 1     5                                                      
REMARK 465     LEU 1     6                                                      
REMARK 465     GLU 1     7                                                      
REMARK 465     GLU 1     8                                                      
REMARK 465     VAL 1     9                                                      
REMARK 465     ILE 1    10                                                      
REMARK 465     VAL 1    11                                                      
REMARK 465     GLU 1    12                                                      
REMARK 465     LYS 1    13                                                      
REMARK 465     THR 1    14                                                      
REMARK 465     LYS 1    15                                                      
REMARK 465     GLN 1    16                                                      
REMARK 465     SER 2     1                                                      
REMARK 465     PRO 2     2                                                      
REMARK 465     ASN 2     3                                                      
REMARK 465     VAL 2     4                                                      
REMARK 465     GLU 2     5                                                      
REMARK 465     ALA 2     6                                                      
REMARK 465     CYS 2     7                                                      
REMARK 465     GLY 4     1                                                      
REMARK 465     ALA 4     2                                                      
REMARK 465     GLN 4     3                                                      
REMARK 465     VAL 4     4                                                      
REMARK 465     SER 4     5                                                      
REMARK 465     THR 4     6                                                      
REMARK 465     GLN 4     7                                                      
REMARK 465     LYS 4     8                                                      
REMARK 465     SER 4     9                                                      
REMARK 465     GLY 4    10                                                      
REMARK 465     SER 4    11                                                      
REMARK 465     HIS 4    12                                                      
REMARK 465     GLU 4    13                                                      
REMARK 465     ASN 4    14                                                      
REMARK 465     GLN 4    15                                                      
REMARK 465     ASN 4    16                                                      
REMARK 465     ILE 4    17                                                      
REMARK 465     LEU 4    18                                                      
REMARK 465     THR 4    19                                                      
REMARK 465     ASN 4    20                                                      
REMARK 465     GLY 4    21                                                      
REMARK 465     SER 4    22                                                      
REMARK 465     ASN 4    23                                                      
REMARK 465     GLN 4    24                                                      
REMARK 465     THR 4    25                                                      
REMARK 465     PHE 4    26                                                      
REMARK 465     THR 4    27                                                      
REMARK 465     VAL 4    28                                                      
REMARK 500                                                                      
REMARK 500 GEOMETRY AND STEREOCHEMISTRY                                         
REMARK 500 SUBTOPIC: CLOSE CONTACTS IN SAME ASYMMETRIC UNIT                     
REMARK 500                                                                      
REMARK 500 THE FOLLOWING ATOMS ARE IN CLOSE CONTACT.                            
REMARK 500                                                                      
REMARK 500  ATM1  RES C  SSEQI   ATM2  RES C  SSEQI           DISTANCE          
REMARK 500   O    TYR L    94     N    ILE L    96              1.62            
REMARK 500   OH   TYR 1   190     O    ALA 1   194              1.79            
REMARK 500   OG   SER L     7     OG1  THR L    22              1.87            
REMARK 500   OH   TYR 1   289     O    PRO 3   139              1.95            
REMARK 500   O    VAL L    30     OH   TYR L    71              1.96            
REMARK 500   N    SER L     7     O    THR L    22              2.00            
REMARK 500   OG1  THR 1    65     ND2  ASN 3    42              2.04            
REMARK 500   O    ASN 2   190     N    ARG 2   192              2.04            
REMARK 500   O    ILE L    75     N    ARG L    77              2.05            
REMARK 500   NE   ARG L    77     OE2  GLU L    79              2.07            
REMARK 500   OG   SER H    75     OG1  THR H    77              2.08            
REMARK 500   O    ARG 2   255     N    LYS 2   257              2.13            
REMARK 500   NH1  ARG 1   259     O    ASN 2   174              2.14            
REMARK 500   O    ALA 4    35     CG2  THR 4    38              2.15            
REMARK 500   N    ALA L    13     O    GLU L   105              2.15            
REMARK 500   OD1  ASN 2    30     O    ASP 4    58              2.18            
REMARK 500   O    THR 1    65     ND2  ASN 3    42              2.18            
REMARK 500   O    GLY 2   150     N    ARG 2   152              2.19            
REMARK 500                                                                      
REMARK 500 REMARK: NULL                                                         
REMARK 500                                                                      
REMARK 500 GEOMETRY AND STEREOCHEMISTRY                                         
REMARK 500 SUBTOPIC: COVALENT BOND LENGTHS                                      
REMARK 500                                                                      
REMARK 500 THE STEREOCHEMICAL PARAMETERS OF THE FOLLOWING RESIDUES              
REMARK 500 HAVE VALUES WHICH DEVIATE FROM EXPECTED VALUES BY MORE               
REMARK 500 THAN 6*RMSD (M=MODEL NUMBER; RES=RESIDUE NAME; C=CHAIN               
REMARK 500 IDENTIFIER; SSEQ=SEQUENCE NUMBER; I=INSERTION CODE).                 
REMARK 500                                                                      
REMARK 500 STANDARD TABLE:                                                      
REMARK 500 FORMAT: (10X,I3,1X,2(A3,1X,A1,I4,A1,1X,A4,3X),1X,F6.3)               
REMARK 500                                                                      
REMARK 500 EXPECTED VALUES PROTEIN: ENGH AND HUBER, 1999                        
REMARK 500 EXPECTED VALUES NUCLEIC ACID: CLOWNEY ET AL 1996                     
REMARK 500                                                                      
